1200203	1
1200302	5
1200344	1
1200385	1
1200807	1
1200401	10
1200450	1
1200500	1
1200609	2
2700102	1
2700409	2
2701407	3
2703007	1
2704005	1
2704104	1
2704302	17
2704500	1
2704708	2
2705002	1
2705606	1
2705705	1
2706422	1
2706703	1
2707107	1
2707305	1
2707503	1
2708006	1
2709103	1
2709152	1
1300102	1
1300300	3
1300508	1
1301001	2
1301209	7
1301704	3
1301902	4
1302207	1
1302405	2
1302504	7
1302603	55
1302801	2
1303007	1
1303304	1
1303403	6
1303502	1
1303569	2
1303809	1
1304062	3
1304104	1
1304203	7
1304260	1
1600600	1
2900702	2
2900801	1
2902104	3
2902708	1
2903201	9
2903409	1
2904050	1
2904100	1
2904407	1
2904704	1
2905800	1
2905909	1
2906709	1
2906873	1
2906907	1
2907103	1
2907202	6
2907509	1
2907608	1
2908101	1
2908408	3
2908507	1
2909307	1
2909802	1
2910503	1
2910701	1
2910727	4
2910750	1
2910800	2
2911204	1
2911709	3
2912202	1
2912905	1
2913606	4
2914000	2
2914604	1
2914653	2
2914802	3
2914901	1
2916401	2
2917201	1
2917508	2
2917607	2
2917805	1
2918001	5
2918753	1
2919157	1
2919207	4
2919504	1
2919553	1
2919801	2
2920205	1
2921203	1
2923209	1
2924306	1
2924678	1
2925105	2
2925204	1
2925253	1
2925303	6
2925758	1
2926004	1
2926202	1
2926301	1
2926608	1
2927408	3
2928109	2
2928604	1
2928802	2
2928901	2
2929057	1
2929206	1
2929503	1
2929909	2
2930105	1
2930204	3
2931806	1
2931905	1
2932804	1
2933208	1
2933307	2
2933604	1
2300309	1
2301000	1
2302404	2
2302602	2
2303501	1
2304400	10
2305506	1
2305902	1
2306306	1
2306405	1
2307304	3
2307650	2
2308005	1
2311306	1
2311801	1
2312007	1
2312908	3
2314102	2
5300108	31
3200607	1
3202405	2
3203007	1
3203403	1
3204054	1
3204559	1
3204708	1
3204906	1
3205002	13
3205176	1
3205200	9
5200100	1
5201108	13
5201405	18
5203500	1
5204508	2
5205307	1
5205802	1
5208004	1
5208608	1
5208707	4
5208806	2
5209200	1
5210406	1
5211800	1
5212501	6
5214507	1
5214606	2
5217302	1
5217609	2
5218003	1
5218508	1
5218805	2
5219753	1
5219803	1
5220207	1
5221403	4
5221601	2
2100055	4
2100402	1
2100436	1
2100477	1
2100600	2
2100907	2
2101400	6
2101608	1
2102101	2
2102200	2
2102325	5
2102358	1
2102804	1
2102903	1
2103000	6
2103174	1
2103208	1
2103307	3
2103406	5
2103505	3
2103554	1
2103604	1
2103703	2
2104008	1
2104081	1
2104099	1
2104206	1
2104651	1
2104677	1
2104800	3
2105005	1
2105153	1
2105351	1
2105708	3
2106300	1
2106409	1
2106706	1
2106755	1
2106904	1
2107100	1
2107506	1
2108058	1
2108256	1
2108306	2
2108454	1
2108603	4
2109106	1
2109270	1
2109601	1
2109809	1
2110104	2
2110401	2
2110500	1
2110609	1
2110708	2
2110906	1
2111003	1
2111102	1
2111201	5
2111409	1
2111706	1
2111722	1
2111763	1
2111805	1
2112100	1
2112209	5
2112308	2
2112704	1
2114007	1
3101706	1
3102605	1
3103504	3
3104205	1
3105608	2
3106705	8
3107109	1
3107802	1
3108255	1
3109402	2
3111309	1
3111606	1
3113008	1
3113404	1
3113701	1
3115300	1
3118809	1
3119104	1
3119401	1
3124104	3
3125952	1
3127107	2
3127701	5
3128105	1
3129707	1
3129806	3
3130051	1
3130903	1
3131307	2
3131901	1
3132305	1
3132404	2
3132503	2
3132701	1
3133808	2
3134202	3
3136207	2
3136306	2
3136702	2
3137007	1
3137205	1
3138401	1
3140001	2
3141405	1
3142809	1
3143104	1
3143302	11
3143450	1
3144003	1
3144300	1
3145356	1
3146305	1
3147006	3
3147600	1
3147907	1
3148103	3
3148707	2
3152105	1
3152808	1
3155603	2
3157203	1
3157708	1
3157807	6
3159605	1
3161106	2
3162450	1
3164506	1
3165537	1
3167103	1
3168606	1
3169307	2
3169604	1
3169901	2
3170107	2
3170404	1
3170529	1
3170800	1
3170909	1
3171204	4
5000609	2
5001102	3
5002704	2
5003702	7
5004809	1
5005707	1
5007208	1
5007901	1
5007950	1
5100250	1
5100508	1
5102504	2
5102678	1
5103254	2
5103353	2
5103403	12
5103700	1
5105150	1
5106299	1
5106422	1
5106752	1
5107800	1
5107958	1
5108402	8
5105507	1
1500107	5
1500206	1
1500347	1
1500701	2
1500800	4
1501303	5
1501451	1
1501501	2
1501808	4
1502103	1
1502400	2
1502707	1
1502905	1
1502939	2
1503457	3
1503606	5
1503705	1
1503804	1
1504059	1
1504208	1
1504307	1
1504604	2
1504901	1
1505064	6
1505205	2
1505304	1
1505403	1
1505502	5
1505700	2
1505809	3
1505908	5
1506138	5
1506161	1
1506187	2
1506559	2
1506708	1
1506807	2
1507201	2
1507953	3
1508001	2
1508035	3
1508084	1
1508159	1
1508308	4
1508407	1
2500403	1
2501807	3
2503209	2
2503506	1
2503704	1
2504009	11
2504405	1
2506004	1
2506301	1
2506707	1
2506806	1
2506905	1
2507507	11
2508901	2
2509107	1
2511202	1
2511400	1
2511905	1
2512002	1
2512101	2
2512408	1
2512507	2
2513703	4
2514503	1
2515302	2
2516201	1
2600104	1
2600500	2
2600906	1
2601201	1
2601607	1
2601706	2
2601904	1
2602001	1
2602100	3
2602209	1
2602308	1
2602605	1
2603009	1
2603108	1
2603207	1
2603900	1
2604106	13
2604700	1
2605152	1
2605202	1
2605301	1
2605400	1
2605608	1
2605905	1
2606002	5
2606101	1
2606408	1
2606606	1
2606804	1
2607505	2
2607901	4
2609600	5
2610400	1
2610707	2
2610905	1
2611101	8
2611606	7
2612901	1
2613008	2
2613107	1
2613602	1
2613909	2
2614105	1
2615607	1
2200400	2
2201101	1
2201150	1
2201507	1
2202000	1
2202208	1
2202901	2
2203107	1
2203453	1
2205201	1
2205508	2
2206209	1
2207702	1
2207900	2
2208205	1
2208304	1
2210607	2
2210706	1
2211001	11
2211100	2
4101408	2
4101507	2
4101804	3
4103602	1
4103701	4
4104204	4
4104253	1
4104428	1
4104600	1
4104808	5
4105003	1
4105508	2
4105706	1
4105805	1
4106209	1
4106407	2
4106506	1
4107009	1
4107652	1
4108403	2
4109401	10
4109500	1
4109609	1
4109708	1
4109807	1
4110102	2
4110201	1
4110508	1
4110706	3
4111258	1
4111803	1
4113205	1
4113304	1
4113700	9
4114302	1
4114609	1
4115200	1
4117057	1
4117305	2
4117602	2
4117701	2
4118204	5
4118402	2
4119152	1
4119301	1
4119509	3
4119905	5
4120606	1
4120903	1
4121703	1
4122008	1
4122404	2
4123857	1
4124103	1
4124707	1
4125506	3
4125605	1
4126256	4
4126306	1
4126678	1
4127106	1
4127858	1
4127965	1
4128104	2
4128203	1
3300100	3
3300209	2
3300456	5
3300803	1
3301009	2
3301702	11
3301900	2
3302205	2
3302403	1
3302502	5
3304201	1
3304300	1
3304904	5
3305505	1
3306305	3
2402600	3
2408102	1
2403251	1
2411205	1
2412203	1
2413904	1
2414407	1
1100023	3
1100452	2
1100049	1
1100072	1
1100130	1
1100189	1
1100205	13
1100288	2
1100320	1
1101500	1
1101708	1
1400027	1
4300604	5
4301602	3
4303004	2
4303103	4
4303509	1
4304200	1
4304408	1
4304507	1
4304606	4
4304689	1
4306106	1
4308201	1
4309209	5
4309308	5
4309654	1
4310108	1
4310207	1
4310603	1
4311007	1
4313409	1
4314100	1
4314407	5
4314902	12
4315404	1
4315602	1
4316907	6
4317103	1
4317301	1
4317400	1
4318002	2
4318309	1
4318705	1
4318903	1
4320800	1
4321204	1
4322400	1
4322509	2
4202305	2
4203006	2
4203204	1
4204806	1
4205407	1
4206504	1
4207304	1
4209102	6
4210100	2
4211900	4
4213609	1
4216206	1
4216602	3
4218004	1
4218251	1
2800209	1
2800308	1
2802106	1
2803005	2
2804003	1
2804201	1
2804805	4
2805406	2
2805703	1
2807105	1
2807402	3
3504503	1
3505500	1
3506003	4
3507605	1
3508009	1
3508504	2
3509205	1
3509502	4
3510203	1
3510609	4
3513405	2
3513603	1
3513801	1
3515707	2
3516200	4
3518602	1
3519071	1
3519600	1
3522505	5
3523107	5
3523206	1
3524006	1
3524402	1
3526902	5
3530607	12
3536703	1
3537800	1
3541406	2
3541604	1
3545209	2
3547809	1
3549904	2
3551009	4
3555000	1
3556404	1
3556503	1
1702109	3
1702208	3
1702554	1
1703842	1
1707702	1
1708205	1
1709005	1
1709500	2
1713205	1
1713304	1
1721000	1
1716109	1
1718303	1
1720903	1
1721208	1
