1111111000000000101111111
10000011000001
1011101000000011001011101
1011101000000011101011101
101110100000000111111111111101011101
10000010000000010001000100010000000011001000001
11111110101010101010101010101010101010101010101010101010101010101010101010101010101010101010101010101010101111111
0000100010001000100000000
000000100000000111111111111100000000
000
00000010000000
000
00000010000000
000
00000010000000
000
00000010000000
000
00000010000000
000
00000010000000
000
00000010000000
000
00000010000000
000
000011111000000111111111111111110000
000010001000000100010001000100010000
000010101000000101010101010101010000
000010001000000100010001000100010000
000011111000000111111111111111110000
000
00000010000000
000
00000010000000
000
00000010000000
000
00000010000000
000
00000010000000
000
00000010000000
000
00000010000000
000
00000010000000
000
00000010000000
000
00000010000000
000
000011111000000111111111111111110000
000010001000000100010001000100010000
000010101000000101010101010101010000
000010001000000100010001000100010000
000011111000000111111111111111110000
000
00000010000000
000
00000010000000
000
00000010000000
000
00000010000000
000
00000010000000
000
00000010000000
000
00000010000000
000
00000010000000
000
00000010000000
000
00000010000000
000
000011111000000111111111111111110000
000010001000000100010001000100010000
000010101000000101010101010101010000
000010001000000100010001000100010000
000011111000000111111111111111110000
000
00000010000000
000
00000010000000
000
00000010000000
000
00000010000000
000
00000010000000
000
00000010000000
000
00000010000000
000
00000010000000
000
00000010000000
000
00110110000000
00110100000000
100100100000000111111111111111110000
000000001000000100010001000100010000
111111100000000101010101010101010000
100000100000000100010001000100010000
101110100000000111111111111111110000
10111010000000
10111010000000
10000010000000
11111110000000
