11111110001101111111
10000010000101000001
10111010001101011101
10111010000101011101
1011101000111110111110101011101
1000001000100010100011001000001
1111111010101010101010101010101010101010101010101010101010101010101010101010101010101010101111111
00010100010000000000
0000001000111110111110000000000
000000000
000000100
000000000
000000100
000000000
000000100
000000000
000000100
000000000
000000100
000000000
000000100
000000000
000000100
000000000
000000100
000000000
000000100
000000000
000000100
000000000
000000100
000000000
0000111110111110111110111110000
0000100010100010100010100010000
0000101010101010101010101010000
0000100010100010100010100010000
0000111110111110111110111110000
000000000
000000100
000000000
000000100
000000000
000000100
000000000
000000100
000000000
000000100
000000000
000000100
000000000
000000100
000000000
000000100
000000000
000000100
000000000
000000100
000000000
000000100
000000000
0000111110111110111110111110000
0000100010100010100010100010000
0000101010101010101010101010000
0000100010100010100010100010000
0000111110111110111110111110000
000000000
000000100
000000000
000000100
000000000
000000100
000000000
000000100
000000000
000000100
000000000
000000100
000000000
000000100
000000000
000000100
000000000
000000100
000000000
000000100
000000000
000000100
101001000
1111101000111110111110111110000
0000000010100010100010100010000
1111111000101010101010101010000
1000001000100010100010100010000
1011101000111110111110111110000
101110100
101110100
100000100
111111100
