111111101111111
10000010000000011101000001
10111010000000010101011101
10111010000000010101011101
1011101000000111110000000011111011101
100000100000010001000000001000100000001001000001
111111101010101010101010101010101010101010101010101010101010101010101010101111111
00100010000000010001000000
0000001000000111110000000011111000000
0000
000000100000000
0000
000000100000000
0000
000000100000000
0000
000000100000000
0000
000000100000000
0000
000000100000000
0000
000000100000000
0000
000011111000011111000000001111100000000111110000
000010001000010001000000001000100000000100010000
000010101000010101000000001010100000000101010000
000010001000010001000000001000100000000100010000
000011111000011111000000001111100000000111110000
0000
000000100000000
0000
000000100000000
0000
000000100000000
0000
000000100000000
0000
000000100000000
0000
000000100000000
0000
000000100000000
0000
000000100000000
0000
000000100000000
0000
000011111000011111000000001111100000000111110000
000010001000010001000000001000100000000100010000
000010101000010101000000001010100000000101010000
000010001000010001000000001000100000000100010000
000011111000011111000000001111100000000111110000
0000
000000100000000
0000
000000100000000
0000
000000100000000
0000
000000100000000
0000
000000100000000
0000
000000100000000
0000
000000100000000
0000
000000100000000
0000
011100100000000
010001000000000
011100100000011111000000001111100000000111110000
000000001000010001000000001000100000000100010000
111111100000010101000000001010100000000101010000
100000100000010001000000001000100000000100010000
101110100000011111000000001111100000000111110000
101110100000000
101110100000000
100000100000000
111111100000000
