1111111001111111
1000001101000001
1011101101011101
1011101001011101
101110111110111111001011101
100000100010100011001000001
111111101010101010101010101010101010101010101010101010101010101010101010101010101010101111111
000000100010100010000000000
000000111110111110000000000
00000
0000001000000000
00000
0000001000000000
00000
0000001000000000
00000
0000001000000000
00000
0000001000000000
00000
0000001000000000
00000
0000001000000000
00000
0000001000000000
00000
0000001000000000
00000
00001111100000000111110111110111110000
00001000100000000100010100010100010000
00001010100000000101010101010101010000
00001000100000000100010100010100010000
00001111100000000111110111110111110000
00000
0000001000000000
00000
0000001000000000
00000
0000001000000000
00000
0000001000000000
00000
0000001000000000
00000
0000001000000000
00000
0000001000000000
00000
0000001000000000
00000
0000001000000000
00000
0000001000000000
00000
0000001000000000
00000
00001111100000000111110111110111110000
00001000100000000100010100010100010000
00001010100000000101010101010101010000
00001000100000000100010100010100010000
00001111100000000111110111110111110000
00000
0000001000000000
00000
0000001000000000
00000
0000001000000000
00000
0000001000000000
00000
0000001000000000
00000
0000001000000000
00000
0000001000000000
00000
0000001000000000
00000
0000001000000000
00000
0000001000000000
00000
0000101000000000
1101110000000000
011000111110111110111110000
00000000100000000100010100010100010000
111111101010101010101010000
100000100010100010100010000
101110111110111110111110000
1011101000000000
1011101000000000
1000001000000000
1111111000000000
