111111101111111
100000101000001
101110101011101
101110101011101
101110101011101
100000101000001
1111111010101010101010101010101111111
0000
000000100000000
0000
000000100000000
0000
000000100000000
0000
000000100000000
0000
000000100000000
0000
000000100000000
0000
000000100000000
0000
000000100000000
0000
000000100000000
0000
000000100000000
0000
000000111110000
00000000100000000100010000
111111101010000
100000100010000
101110111110000
101110100000000
101110100000000
100000100000000
111111100000000
