11111110000010001111111
10000010000010101000001
10111010000010001011101
10111010000001101011101
101110111110111110111110111110111110001011101
100000100010100010100010100010100010101000001
111111101010101010101010101010101010101010101010101010101010101010101010101010101010101010101010101010101010101010101010101010101010101010101010101010101010101010101010101111111
000000100010100010100010100010100010000000000
000000111110111110111110111110111110000000000
0
000000100000
0
000000100000
0
000000100000
0
000000100000
0
000000100000
0
000000100000
0
000000100000
0
000000100000
0
000000100000
0
00001111100000000111110111110111110111110111110111110000
00001000100000000100010100010100010100010100010100010000
00001010100000000101010101010101010101010101010101010000
00001000100000000100010100010100010100010100010100010000
00001111100000000111110111110111110111110111110111110000
0
000000100000
0
000000100000
0
000000100000
0
000000100000
0
000000100000
0
000000100000
0
000000100000
0
000000100000
0
000000100000
0
000000100000
0
000000100000
0
00001111100000000111110111110111110111110111110111110000
00001000100000000100010100010100010100010100010100010000
00001010100000000101010101010101010101010101010101010000
00001000100000000100010100010100010100010100010100010000
00001111100000000111110111110111110111110111110111110000
0
000000100000
0
000000100000
0
000000100000
0
000000100000
0
000000100000
0
000000100000
0
000000100000
0
000000100000
0
000000100000
0
000000100000
0
000000100000
0
00001111100000000111110111110111110111110111110111110000
00001000100000000100010100010100010100010100010100010000
00001010100000000101010101010101010101010101010101010000
00001000100000000100010100010100010100010100010100010000
00001111100000000111110111110111110111110111110111110000
0
000000100000
0
000000100000
0
000000100000
0
000000100000
0
000000100000
0
000000100000
0
000000100000
0
000000100000
0
000000100000
0
000000100000
0
000000100000
0
00001111100000000111110111110111110111110111110111110000
00001000100000000100010100010100010100010100010100010000
00001010100000000101010101010101010101010101010101010000
00001000100000000100010100010100010100010100010100010000
00001111100000000111110111110111110111110111110111110000
0
000000100000
0
000000100000
0
000000100000
0
000000100000
0
000000100000
0
000000100000
0
000000100000
0
000000100000
0
000000100000
0
000000100000
0
000000100000
0
00001111100000000111110111110111110111110111110111110000
00001000100000000100010100010100010100010100010100010000
00001010100000000101010101010101010101010101010101010000
00001000100000000100010100010100010100010100010100010000
00001111100000000111110111110111110111110111110111110000
0
000000100000
0
000000100000
0
000000100000
0
000000100000
0
000000100000
0
000000100000
0
000000100000
0
000000100000
0
000000100000
0
000000100000
0
111001100000
000100000000
010101111110111110111110111110111110111110000
00000000100000000100010100010100010100010100010100010000
111111101010101010101010101010101010101010000
100000100010100010100010100010100010100010000
101110111110111110111110111110111110111110000
101110100000
101110100000
100000100000
111111100000
