11111110000011101111111
10000010000011101000001
10111010000000101011101
10111010000010001011101
1011101111100000000111110000000011111000000001111100000010101011101
1000001000100000000100010000000010001000000001000100000011001000001
1111111010101010101010101010101010101010101010101010101010101010101010101010101010101010101010101010101010101010101010101010101111111
00000010001000000001000100000000100010000000010001000000
00000011111000000001111100000000111110000000011111000000
0
000000100000
0
000000100000
0
000000100000
0
000000100000
0
000000100000
0
000000100000
0
000000100000
0
000000100000
0
000000100000
0
000011111000000001111100000000111110000000011111000000001111100000000111110000
000010001000000001000100000000100010000000010001000000001000100000000100010000
000010101000000001010100000000101010000000010101000000001010100000000101010000
000010001000000001000100000000100010000000010001000000001000100000000100010000
000011111000000001111100000000111110000000011111000000001111100000000111110000
0
000000100000
0
000000100000
0
000000100000
0
000000100000
0
000000100000
0
000000100000
0
000000100000
0
000000100000
0
000000100000
0
000011111000000001111100000000111110000000011111000000001111100000000111110000
000010001000000001000100000000100010000000010001000000001000100000000100010000
000010101000000001010100000000101010000000010101000000001010100000000101010000
000010001000000001000100000000100010000000010001000000001000100000000100010000
000011111000000001111100000000111110000000011111000000001111100000000111110000
0
000000100000
0
000000100000
0
000000100000
0
000000100000
0
000000100000
0
000000100000
0
000000100000
0
000000100000
0
000000100000
0
000011111000000001111100000000111110000000011111000000001111100000000111110000
000010001000000001000100000000100010000000010001000000001000100000000100010000
000010101000000001010100000000101010000000010101000000001010100000000101010000
000010001000000001000100000000100010000000010001000000001000100000000100010000
000011111000000001111100000000111110000000011111000000001111100000000111110000
0
000000100000
0
000000100000
0
000000100000
0
000000100000
0
000000100000
0
000000100000
0
000000100000
0
000000100000
0
000000100000
0
000011111000000001111100000000111110000000011111000000001111100000000111110000
000010001000000001000100000000100010000000010001000000001000100000000100010000
000010101000000001010100000000101010000000010101000000001010100000000101010000
000010001000000001000100000000100010000000010001000000001000100000000100010000
000011111000000001111100000000111110000000011111000000001111100000000111110000
0
000000100000
0
000000100000
0
000000100000
0
000000100000
0
000000100000
0
000000100000
0
000000100000
0
000000100000
0
110111100000
110001000000
1110101111100000000111110000000011111000000001111100000000111110000
000000001000000001000100000000100010000000010001000000001000100000000100010000
1111111010100000000101010000000010101000000001010100000000101010000
1000001000100000000100010000000010001000000001000100000000100010000
1011101111100000000111110000000011111000000001111100000000111110000
101110100000
101110100000
100000100000
111111100000
