1111111000001101111111
1000001000010101000001
1011101000000001011101
1011101000001001011101
1011101000000001111111111111111111110000000010101011101
10000010000000010001000100010001000101000001
111111101010101010101010101010101010101010101010101010101010101010101010101010101010101010101010101010101010101010101010101010101010101010101010101010101010101111111
000010001000100010001000100000000
00000010000000011111111111111111111100000000

00000010000

00000010000

00000010000

00000010000

00000010000

00000010000

00000010000

00000010000

00001111100000011111111111111111111111110000
00001000100000010001000100010001000100010000
00001010100000010101010101010101010101010000
00001000100000010001000100010001000100010000
00001111100000011111111111111111111111110000

00000010000

00000010000

00000010000

00000010000

00000010000

00000010000

00000010000

00000010000

00000010000

00000010000

00001111100000011111111111111111111111110000
00001000100000010001000100010001000100010000
00001010100000010101010101010101010101010000
00001000100000010001000100010001000100010000
00001111100000011111111111111111111111110000

00000010000

00000010000

00000010000

00000010000

00000010000

00000010000

00000010000

00000010000

00000010000

00000010000

00001111100000011111111111111111111111110000
00001000100000010001000100010001000100010000
00001010100000010101010101010101010101010000
00001000100000010001000100010001000100010000
00001111100000011111111111111111111111110000

00000010000

00000010000

00000010000

00000010000

00000010000

00000010000

00000010000

00000010000

00000010000

00000010000

00001111100000011111111111111111111111110000
00001000100000010001000100010001000100010000
00001010100000010101010101010101010101010000
00001000100000010001000100010001000100010000
00001111100000011111111111111111111111110000

00000010000

00000010000

00000010000

00000010000

00000010000

00000010000

00000010000

00000010000

00000010000

00000010000

00001111100000011111111111111111111111110000
00001000100000010001000100010001000100010000
00001010100000010101010101010101010101010000
00001000100000010001000100010001000100010000
00001111100000011111111111111111111111110000

00000010000

00000010000

00000010000

00000010000

00000010000

00000010000

00000010000

00000010000

00000010000

01001010000
10010000000
11001110000000011111111111111111111111110000
00000000100000010001000100010001000100010000
11111110000000010101010101010101010101010000
10000010000000010001000100010001000100010000
10111010000000011111111111111111111111110000
10111010000
10111010000
10000010000
11111110000
