11111110000001111111
10000010001001000001
10111010010001011101
10111010010001011101
101110111111111111111110000000011101011101
100000100010001000100010000000011001000001
111111101010101010101010101010101010101010101010101010101010101010101010101010101010101010101010101010101010101010101010101010101010101111111
0000001000100010001000100000000
0000001111111111111111100000000
000000000
000000100
000000000
000000100
000000000
000000100
000000000
000000100
000000000
000000100
000000000
000000100
000000000
000000100
000000000
000000100
000000000
000000100
000000000
000011111000000001111111111111111111110000
000010001000000001000100010001000100010000
000010101000000001010101010101010101010000
000010001000000001000100010001000100010000
000011111000000001111111111111111111110000
000000000
000000100
000000000
000000100
000000000
000000100
000000000
000000100
000000000
000000100
000000000
000000100
000000000
000000100
000000000
000000100
000000000
000000100
000000000
000000100
000000000
000011111000000001111111111111111111110000
000010001000000001000100010001000100010000
000010101000000001010101010101010101010000
000010001000000001000100010001000100010000
000011111000000001111111111111111111110000
000000000
000000100
000000000
000000100
000000000
000000100
000000000
000000100
000000000
000000100
000000000
000000100
000000000
000000100
000000000
000000100
000000000
000000100
000000000
000000100
000000000
000011111000000001111111111111111111110000
000010001000000001000100010001000100010000
000010101000000001010101010101010101010000
000010001000000001000100010001000100010000
000011111000000001111111111111111111110000
000000000
000000100
000000000
000000100
000000000
000000100
000000000
000000100
000000000
000000100
000000000
000000100
000000000
000000100
000000000
000000100
000000000
000000100
000000000
000000100
000000000
000011111000000001111111111111111111110000
000010001000000001000100010001000100010000
000010101000000001010101010101010101010000
000010001000000001000100010001000100010000
000011111000000001111111111111111111110000
000000000
000000100
000000000
000000100
000000000
000000100
000000000
000000100
000000000
000000100
000000000
000000100
000000000
000000100
000000000
000000100
000000000
000000100
000000000
001111100
010011000
0000101111111111111111111110000
000000001000000001000100010001000100010000
1111111010101010101010101010000
1000001000100010001000100010000
1011101111111111111111111110000
101110100
101110100
100000100
111111100
