1111111000001111111
1000001000001000001
1011101000001011101
1011101000001011101
1011101000001011101
1000001000001000001
11111110101010101010101010101010101111111
00000000
00000010
00000000
00000010
00000000
00000010
00000000
00000010
00000000
00000010
00000000
00000010
00000000
00000010
00000000
00000010
00000000
00000010
00000000
00000010
00000000
00000010
00000000
00000010
00000000
0000001000111110000
0000000010100010000
1111111000101010000
1000001000100010000
1011101000111110000
10111010
10111010
10000010
11111110
