1111111001001111111
1000001011001000001
1011101000001011101
1011101001101011101
10111010000001111100000000111110000000011111000000001111100000000101011101
10000010000001000100000000100010000000010001000000001000100000011001000001
111111101010101010101010101010101010101010101010101010101010101010101010101010101010101010101010101010101010101010101010101111111
0010001000000001000100000000100010000000010001000000
000000100000011111000000001111100000000111110000000011111000000
00000000
00000010
00000000
00000010
00000000
00000010
00000000
00000010
00000000
00000010
00000000
00000010
00000000
00000010
00000000
00001111100001111100000000111110000000011111000000001111100000000111110000
00001000100001000100000000100010000000010001000000001000100000000100010000
00001010100001010100000000101010000000010101000000001010100000000101010000
00001000100001000100000000100010000000010001000000001000100000000100010000
00001111100001111100000000111110000000011111000000001111100000000111110000
00000000
00000010
00000000
00000010
00000000
00000010
00000000
00000010
00000000
00000010
00000000
00000010
00000000
00000010
00000000
00000010
00000000
00000010
00000000
00001111100001111100000000111110000000011111000000001111100000000111110000
00001000100001000100000000100010000000010001000000001000100000000100010000
00001010100001010100000000101010000000010101000000001010100000000101010000
00001000100001000100000000100010000000010001000000001000100000000100010000
00001111100001111100000000111110000000011111000000001111100000000111110000
00000000
00000010
00000000
00000010
00000000
00000010
00000000
00000010
00000000
00000010
00000000
00000010
00000000
00000010
00000000
00000010
00000000
00000010
00000000
00001111100001111100000000111110000000011111000000001111100000000111110000
00001000100001000100000000100010000000010001000000001000100000000100010000
00001010100001010100000000101010000000010101000000001010100000000101010000
00001000100001000100000000100010000000010001000000001000100000000100010000
00001111100001111100000000111110000000011111000000001111100000000111110000
00000000
00000010
00000000
00000010
00000000
00000010
00000000
00000010
00000000
00000010
00000000
00000010
00000000
00000010
00000000
00000010
00000000
00000010
00000000
00001111100001111100000000111110000000011111000000001111100000000111110000
00001000100001000100000000100010000000010001000000001000100000000100010000
00001010100001010100000000101010000000010101000000001010100000000101010000
00001000100001000100000000100010000000010001000000001000100000000100010000
00001111100001111100000000111110000000011111000000001111100000000111110000
00000000
00000010
00000000
00000010
00000000
00000010
00000000
00000010
00000000
00000010
00000000
00000010
00000000
00000010
00000000
00000010
00000000
01000110
11010100
00011010000001111100000000111110000000011111000000001111100000000111110000
00000000100001000100000000100010000000010001000000001000100000000100010000
11111110000001010100000000101010000000010101000000001010100000000101010000
10000010000001000100000000100010000000010001000000001000100000000100010000
10111010000001111100000000111110000000011111000000001111100000000111110000
10111010
10111010
10000010
11111110
