1111111101111111
100000100000000011101000001
1011101101011101
1011101001011101
101110100001111100001011101
100000100001000110001000001
1111111010101010101010101010101010101010101111111
10001
0000001000011111
00000
0000001000000000
00000
0000001000000000
00000
0000001000000000
00000
0000001000000000
00000
0000001000000000
00000
0000001000000000
00000
000011111001111100111110000
000010001001000100100010000
000010101001010100101010000
000010001001000100100010000
000011111001111100111110000
00000
0000001000000000
00000
0000001000000000
00000
0000001000000000
00000
0000001000000000
00000
0000001000000000
00000
0100011000000000
01110
111000100001111100111110000
000000001001000100100010000
111111100001010100101010000
100000100001000100100010000
101110100001111100111110000
1011101000000000
1011101000000000
1000001000000000
1111111000000000
