1111111000000011101111111
1000001000000011001000001
1011101000000001101011101
1011101000000011001011101
10111011111000000001111100000000111110000000011111000000001111100000011001011101
10000010001000000001000100000000100010000000010001000000001000100000000101000001
1111111010101010101010101010101010101010101010101010101010101010101010101010101010101010101010101010101010101010101010101010101010101010101010101010101111111
000000100010000000010001000000001000100000000100010000000010001000000
000000111110000000011111000000001111100000000111110000000011111000000
000
00000010000000
000
00000010000000
000
00000010000000
000
00000010000000
000
00000010000000
000
00000010000000
000
00000010000000
000
00000010000000
000
00000010000000
000
0000111110000000011111000000001111100000000111110000000011111000000001111100000000111110000
0000100010000000010001000000001000100000000100010000000010001000000001000100000000100010000
0000101010000000010101000000001010100000000101010000000010101000000001010100000000101010000
0000100010000000010001000000001000100000000100010000000010001000000001000100000000100010000
0000111110000000011111000000001111100000000111110000000011111000000001111100000000111110000
000
00000010000000
000
00000010000000
000
00000010000000
000
00000010000000
000
00000010000000
000
00000010000000
000
00000010000000
000
00000010000000
000
00000010000000
000
0000111110000000011111000000001111100000000111110000000011111000000001111100000000111110000
0000100010000000010001000000001000100000000100010000000010001000000001000100000000100010000
0000101010000000010101000000001010100000000101010000000010101000000001010100000000101010000
0000100010000000010001000000001000100000000100010000000010001000000001000100000000100010000
0000111110000000011111000000001111100000000111110000000011111000000001111100000000111110000
000
00000010000000
000
00000010000000
000
00000010000000
000
00000010000000
000
00000010000000
000
00000010000000
000
00000010000000
000
00000010000000
000
00000010000000
000
0000111110000000011111000000001111100000000111110000000011111000000001111100000000111110000
0000100010000000010001000000001000100000000100010000000010001000000001000100000000100010000
0000101010000000010101000000001010100000000101010000000010101000000001010100000000101010000
0000100010000000010001000000001000100000000100010000000010001000000001000100000000100010000
0000111110000000011111000000001111100000000111110000000011111000000001111100000000111110000
000
00000010000000
000
00000010000000
000
00000010000000
000
00000010000000
000
00000010000000
000
00000010000000
000
00000010000000
000
00000010000000
000
00000010000000
000
0000111110000000011111000000001111100000000111110000000011111000000001111100000000111110000
0000100010000000010001000000001000100000000100010000000010001000000001000100000000100010000
0000101010000000010101000000001010100000000101010000000010101000000001010100000000101010000
0000100010000000010001000000001000100000000100010000000010001000000001000100000000100010000
0000111110000000011111000000001111100000000111110000000011111000000001111100000000111110000
000
00000010000000
000
00000010000000
000
00000010000000
000
00000010000000
000
00000010000000
000
00000010000000
000
00000010000000
000
00000010000000
000
00000010000000
000
0000111110000000011111000000001111100000000111110000000011111000000001111100000000111110000
0000100010000000010001000000001000100000000100010000000010001000000001000100000000100010000
0000101010000000010101000000001010100000000101010000000010101000000001010100000000101010000
0000100010000000010001000000001000100000000100010000000010001000000001000100000000100010000
0000111110000000011111000000001111100000000111110000000011111000000001111100000000111110000
000
00000010000000
000
00000010000000
000
00000010000000
000
00000010000000
000
00000010000000
000
00000010000000
000
00000010000000
000
00000010000000
000
11011010000000
11111000000000
10100111111000000001111100000000111110000000011111000000001111100000000111110000
0000000010000000010001000000001000100000000100010000000010001000000001000100000000100010000
11111110101000000001010100000000101010000000010101000000001010100000000101010000
10000010001000000001000100000000100010000000010001000000001000100000000100010000
10111011111000000001111100000000111110000000011111000000001111100000000111110000
10111010000000
10111010000000
10000010000000
11111110000000
