111111100000011001111111
1000001000001
101110100000001001011101
101110100000011001011101
101110100000000111110000001111100000011111000010101011101
100000100000000100010000001000100000010001000001001000001
11111110101010101010101010101010101010101010101010101010101010101010101010101010101010101010101111111
00001000100000010001000000100010000
0000001000000001111100000011111000000111110000
00
0000001000000
00
0000001000000
00
0000001000000
00
0000001000000
00
0000001000000
00
0000001000000
00
0000001000000
00
0000001000000
00
000011111000000111110000001111100000011111000000111110000
000010001000000100010000001000100000010001000000100010000
000010101000000101010000001010100000010101000000101010000
000010001000000100010000001000100000010001000000100010000
000011111000000111110000001111100000011111000000111110000
00
0000001000000
00
0000001000000
00
0000001000000
00
0000001000000
00
0000001000000
00
0000001000000
00
0000001000000
00
0000001000000
00
000011111000000111110000001111100000011111000000111110000
000010001000000100010000001000100000010001000000100010000
000010101000000101010000001010100000010101000000101010000
000010001000000100010000001000100000010001000000100010000
000011111000000111110000001111100000011111000000111110000
00
0000001000000
00
0000001000000
00
0000001000000
00
0000001000000
00
0000001000000
00
0000001000000
00
0000001000000
00
0000001000000
00
000011111000000111110000001111100000011111000000111110000
000010001000000100010000001000100000010001000000100010000
000010101000000101010000001010100000010101000000101010000
000010001000000100010000001000100000010001000000100010000
000011111000000111110000001111100000011111000000111110000
00
0000001000000
00
0000001000000
00
0000001000000
00
0000001000000
00
0000001000000
00
0000001000000
00
0000001000000
00
1001101000000
1011010000000
000010100000000111110000001111100000011111000000111110000
000000001000000100010000001000100000010001000000100010000
111111100000000101010000001010100000010101000000101010000
100000100000000100010000001000100000010001000000100010000
101110100000000111110000001111100000011111000000111110000
1011101000000
1011101000000
1000001000000
1111111000000
