1111111010101111111
1000001011001000001
1011101010001011101
1011101001001011101
10111011111000000001111100000010001011101
10000010001000000001000100000001001000001
1111111010101010101010101010101010101010101010101010101010101010101010101010101111111
000000100010000000010001000000
000000111110000000011111000000
00000000
00000010
00000000
00000010
00000000
00000010
00000000
00000010
00000000
00000010
00000000
00000010
00000000
00000010
00000000
00000010
00000000
00000010
00000000
0000111110000000011111000000001111100000000111110000
0000100010000000010001000000001000100000000100010000
0000101010000000010101000000001010100000000101010000
0000100010000000010001000000001000100000000100010000
0000111110000000011111000000001111100000000111110000
00000000
00000010
00000000
00000010
00000000
00000010
00000000
00000010
00000000
00000010
00000000
00000010
00000000
00000010
00000000
00000010
00000000
00000010
00000000
0000111110000000011111000000001111100000000111110000
0000100010000000010001000000001000100000000100010000
0000101010000000010101000000001010100000000101010000
0000100010000000010001000000001000100000000100010000
0000111110000000011111000000001111100000000111110000
00000000
00000010
00000000
00000010
00000000
00000010
00000000
00000010
00000000
00000010
00000000
00000010
00000000
00000010
00000000
00000010
00000000
11101010
01010100
10000011111000000001111100000000111110000
0000000010000000010001000000001000100000000100010000
11111110101000000001010100000000101010000
10000010001000000001000100000000100010000
10111011111000000001111100000000111110000
10111010
10111010
10000010
11111110
