111111111001111111
100000110001000001
101110100101011101
101110110101011101
1011101000011111111111111111111101011101
1000001000010001000100010001000101000001
11111110101010101010101010101010101010101010101010101010101010101010101010101010101010101010101010101010101010101010101010101010101010101010101010101010101111111
10001000100010001000100000000
0000001000011111111111111111111100000000
0000000
0000001
0000000
0000001
0000000
0000001
0000000
0000001
0000000
0000001
0000000
0000001
0000000
0000111110011111111111111111111111110000
0000100010010001000100010001000100010000
0000101010010101010101010101010101010000
0000100010010001000100010001000100010000
0000111110011111111111111111111111110000
0000000
0000001
0000000
0000001
0000000
0000001
0000000
0000001
0000000
0000001
0000000
0000001
0000000
0000001
0000000
0000001
0000000
0000001
0000000
0000001
0000000
0000111110011111111111111111111111110000
0000100010010001000100010001000100010000
0000101010010101010101010101010101010000
0000100010010001000100010001000100010000
0000111110011111111111111111111111110000
0000000
0000001
0000000
0000001
0000000
0000001
0000000
0000001
0000000
0000001
0000000
0000001
0000000
0000001
0000000
0000001
0000000
0000001
0000000
0000001
0000000
0000111110011111111111111111111111110000
0000100010010001000100010001000100010000
0000101010010101010101010101010101010000
0000100010010001000100010001000100010000
0000111110011111111111111111111111110000
0000000
0000001
0000000
0000001
0000000
0000001
0000000
0000001
0000000
0000001
0000000
0000001
0000000
0000001
0000000
0000001
0000000
0000001
0000000
0000001
0000000
0000111110011111111111111111111111110000
0000100010010001000100010001000100010000
0000101010010101010101010101010101010000
0000100010010001000100010001000100010000
0000111110011111111111111111111111110000
0000000
0000001
0000000
0000001
0000000
0000001
0000000
0000001
0000000
0000001
0000000
0000001
0000000
0000001
0000000
0000001
0000000
0000001
0000000
0000001
0000000
0000111110011111111111111111111111110000
0000100010010001000100010001000100010000
0000101010010101010101010101010101010000
0000100010010001000100010001000100010000
0000111110011111111111111111111111110000
0000000
0000001
0000000
0000001
0000000
0000001
0000000
0000001
0000000
0000001
0000000
0000001
0000000
0000001
0000000
0000001
0000000
0000001
0000000
1101001
1000000
0011111000011111111111111111111111110000
0000000010010001000100010001000100010000
1111111000010101010101010101010101010000
1000001000010001000100010001000100010000
1011101000011111111111111111111111110000
1011101
1011101
1000001
1111111
