111111100000010101111111
100000100000001001000001
101110100000011101011101
101110100000000101011101
10111010001111111111111111101011101
10000010001000100010001000101000001
1111111010101010101010101010101010101010101010101010101010101010101010101010101010101010101010101010101010101010101010101010101010101010101111111
000100010001000100000000
00000010001111111111111111100000000
00
0000001000000
00
0000001000000
00
0000001000000
00
0000001000000
00
0000001000000
00
0000001000000
00
0000001000000
00
0000001000000
00
0000001000000
00
0000001000000
00
0000001000000
00
00001111101111111111111111111110000
00001000101000100010001000100010000
00001010101010101010101010101010000
00001000101000100010001000100010000
00001111101111111111111111111110000
00
0000001000000
00
0000001000000
00
0000001000000
00
0000001000000
00
0000001000000
00
0000001000000
00
0000001000000
00
0000001000000
00
0000001000000
00
0000001000000
00
00001111101111111111111111111110000
00001000101000100010001000100010000
00001010101010101010101010101010000
00001000101000100010001000100010000
00001111101111111111111111111110000
00
0000001000000
00
0000001000000
00
0000001000000
00
0000001000000
00
0000001000000
00
0000001000000
00
0000001000000
00
0000001000000
00
0000001000000
00
0000001000000
00
00001111101111111111111111111110000
00001000101000100010001000100010000
00001010101010101010101010101010000
00001000101000100010001000100010000
00001111101111111111111111111110000
00
0000001000000
00
0000001000000
00
0000001000000
00
0000001000000
00
0000001000000
00
0000001000000
00
0000001000000
00
0000001000000
00
0000001000000
00
0000001000000
00
00001111101111111111111111111110000
00001000101000100010001000100010000
00001010101010101010101010101010000
00001000101000100010001000100010000
00001111101111111111111111111110000
00
0000001000000
00
0000001000000
00
0000001000000
00
0000001000000
00
0000001000000
00
0000001000000
00
0000001000000
00
0000001000000
00
0000001000000
00
1010001000000
0110000000000
10110110001111111111111111111110000
00000000101000100010001000100010000
11111110001010101010101010101010000
10000010001000100010001000100010000
10111010001111111111111111111110000
1011101000000
1011101000000
1000001000000
1111111000000
