111111100000000010101111111
1000001101000001
101110100000000010101011101
1011101101011101
1011101000000111111111111111110000000001101011101
1000001000000100010001000100010000000011001000001
11111110101010101010101010101010101010101010101010101010101010101010101010101010101010101010101010101010101010101010101010101010101111111
001000100010001000100000000
00000010000001111111111111111100000000
00000
0000001000000000
00000
0000001000000000
00000
0000001000000000
00000
0000001000000000
00000
0000001000000000
00000
0000001000000000
00000
0000001000000000
00000
00001111100001111111111111111111110000
00001000100001000100010001000100010000
00001010100001010101010101010101010000
00001000100001000100010001000100010000
00001111100001111111111111111111110000
00000
0000001000000000
00000
0000001000000000
00000
0000001000000000
00000
0000001000000000
00000
0000001000000000
00000
0000001000000000
00000
0000001000000000
00000
0000001000000000
00000
0000001000000000
00000
0000001000000000
00000
00001111100001111111111111111111110000
00001000100001000100010001000100010000
00001010100001010101010101010101010000
00001000100001000100010001000100010000
00001111100001111111111111111111110000
00000
0000001000000000
00000
0000001000000000
00000
0000001000000000
00000
0000001000000000
00000
0000001000000000
00000
0000001000000000
00000
0000001000000000
00000
0000001000000000
00000
0000001000000000
00000
0000001000000000
00000
00001111100001111111111111111111110000
00001000100001000100010001000100010000
00001010100001010101010101010101010000
00001000100001000100010001000100010000
00001111100001111111111111111111110000
00000
0000001000000000
00000
0000001000000000
00000
0000001000000000
00000
0000001000000000
00000
0000001000000000
00000
0000001000000000
00000
0000001000000000
00000
0000001000000000
00000
0000001000000000
00000
0000001000000000
00000
00001111100001111111111111111111110000
00001000100001000100010001000100010000
00001010100001010101010101010101010000
00001000100001000100010001000100010000
00001111100001111111111111111111110000
00000
0000001000000000
00000
0000001000000000
00000
0000001000000000
00000
0000001000000000
00000
0000001000000000
00000
0000001000000000
00000
0000001000000000
00000
0000001000000000
00000
0000001000000000
00000
1010011000000000
0101110000000000
11111010000001111111111111111111110000
00000000100001000100010001000100010000
11111110000001010101010101010101010000
10000010000001000100010001000100010000
10111010000001111111111111111111110000
1011101000000000
1011101000000000
1000001000000000
1111111000000000
