11111110001111111
10000011101000001
10111011001011101
10111011001011101
101110111110111110111110111110001011101
100000100010100010100010100010101000001
11111110101010101010101010101010101010101010101010101010101010101010101010101010101010101010101010101010101010101010101010101010101010101010101111111
000000100010100010100010100010000000000
000000111110111110111110111110000000000
000000
00000010000000000
000000
00000010000000000
000000
00000010000000000
000000
00000010000000000
000000
00000010000000000
000000
00000010000000000
000000
00000010000000000
000000
00000010000000000
000000
00000010000000000
000000
00001111100000000111110111110111110111110111110000
00001000100000000100010100010100010100010100010000
00001010100000000101010101010101010101010101010000
00001000100000000100010100010100010100010100010000
00001111100000000111110111110111110111110111110000
000000
00000010000000000
000000
00000010000000000
000000
00000010000000000
000000
00000010000000000
000000
00000010000000000
000000
00000010000000000
000000
00000010000000000
000000
00000010000000000
000000
00000010000000000
000000
00000010000000000
000000
00000010000000000
000000
00001111100000000111110111110111110111110111110000
00001000100000000100010100010100010100010100010000
00001010100000000101010101010101010101010101010000
00001000100000000100010100010100010100010100010000
00001111100000000111110111110111110111110111110000
000000
00000010000000000
000000
00000010000000000
000000
00000010000000000
000000
00000010000000000
000000
00000010000000000
000000
00000010000000000
000000
00000010000000000
000000
00000010000000000
000000
00000010000000000
000000
00000010000000000
000000
00000010000000000
000000
00001111100000000111110111110111110111110111110000
00001000100000000100010100010100010100010100010000
00001010100000000101010101010101010101010101010000
00001000100000000100010100010100010100010100010000
00001111100000000111110111110111110111110111110000
000000
00000010000000000
000000
00000010000000000
000000
00000010000000000
000000
00000010000000000
000000
00000010000000000
000000
00000010000000000
000000
00000010000000000
000000
00000010000000000
000000
00000010000000000
000000
00000010000000000
000000
00000010000000000
000000
00001111100000000111110111110111110111110111110000
00001000100000000100010100010100010100010100010000
00001010100000000101010101010101010101010101010000
00001000100000000100010100010100010100010100010000
00001111100000000111110111110111110111110111110000
000000
00000010000000000
000000
00000010000000000
000000
00000010000000000
000000
00000010000000000
000000
00000010000000000
000000
00000010000000000
000000
00000010000000000
000000
00000010000000000
000000
00000010000000000
000000
00000010000000000
000000
00111010000000000
011100
010001111110111110111110111110111110000
00000000100000000100010100010100010100010100010000
111111101010101010101010101010101010000
100000100010100010100010100010100010000
101110111110111110111110111110111110000
10111010000000000
10111010000000000
10000010000000000
11111110000000000
