1111111010001111111
1000001000001000001
1011101010101011101
1011101001001011101
1011101000000111110111110111110111110111111101011101
1000001000000100010100010100010100010100010101000001
11111110101010101010101010101010101010101010101010101010101010101010101010101010101010101010101010101010101010101010101010101010101010101010101010101010101010101010101111111
00100010100010100010100010100010000000000
0000001000000111110111110111110111110111110000000000
00000000
00000010
00000000
00000010
00000000
00000010
00000000
00000010
00000000
00000010
00000000
00000010
00000000
00000010
00000000
0000111110000111110111110111110111110111110111110000
0000100010000100010100010100010100010100010100010000
0000101010000101010101010101010101010101010101010000
0000100010000100010100010100010100010100010100010000
0000111110000111110111110111110111110111110111110000
00000000
00000010
00000000
00000010
00000000
00000010
00000000
00000010
00000000
00000010
00000000
00000010
00000000
00000010
00000000
00000010
00000000
00000010
00000000
00000010
00000000
00000010
00000000
0000111110000111110111110111110111110111110111110000
0000100010000100010100010100010100010100010100010000
0000101010000101010101010101010101010101010101010000
0000100010000100010100010100010100010100010100010000
0000111110000111110111110111110111110111110111110000
00000000
00000010
00000000
00000010
00000000
00000010
00000000
00000010
00000000
00000010
00000000
00000010
00000000
00000010
00000000
00000010
00000000
00000010
00000000
00000010
00000000
00000010
00000000
0000111110000111110111110111110111110111110111110000
0000100010000100010100010100010100010100010100010000
0000101010000101010101010101010101010101010101010000
0000100010000100010100010100010100010100010100010000
0000111110000111110111110111110111110111110111110000
00000000
00000010
00000000
00000010
00000000
00000010
00000000
00000010
00000000
00000010
00000000
00000010
00000000
00000010
00000000
00000010
00000000
00000010
00000000
00000010
00000000
00000010
00000000
0000111110000111110111110111110111110111110111110000
0000100010000100010100010100010100010100010100010000
0000101010000101010101010101010101010101010101010000
0000100010000100010100010100010100010100010100010000
0000111110000111110111110111110111110111110111110000
00000000
00000010
00000000
00000010
00000000
00000010
00000000
00000010
00000000
00000010
00000000
00000010
00000000
00000010
00000000
00000010
00000000
00000010
00000000
00000010
00000000
00000010
00000000
0000111110000111110111110111110111110111110111110000
0000100010000100010100010100010100010100010100010000
0000101010000101010101010101010101010101010101010000
0000100010000100010100010100010100010100010100010000
0000111110000111110111110111110111110111110111110000
00000000
00000010
00000000
00000010
00000000
00000010
00000000
00000010
00000000
00000010
00000000
00000010
00000000
00000010
00000000
00000010
00000000
00000010
00000000
00000010
00000000
10101010
00011000
0010111000000111110111110111110111110111110111110000
0000000010000100010100010100010100010100010100010000
1111111000000101010101010101010101010101010101010000
1000001000000100010100010100010100010100010100010000
1011101000000111110111110111110111110111110111110000
10111010
10111010
10000010
11111110
