1111111000000001111111
1000001000010101000001
1011101000000101011101
1011101000000101011101
10111010000001111100000011111000011101011101
10000010000001000100000010001000010001000001
11111110101010101010101010101010101010101010101010101010101010101010101111111
0010001000000100010000
000000100000011111000000111110000

00000010000

00000010000

00000010000

00000010000

00000010000

00000010000

00000010000

00001111100001111100000011111000000111110000
00001000100001000100000010001000000100010000
00001010100001010100000010101000000101010000
00001000100001000100000010001000000100010000
00001111100001111100000011111000000111110000

00000010000

00000010000

00000010000

00000010000

00000010000

00000010000

00000010000

00000010000

00001111100001111100000011111000000111110000
00001000100001000100000010001000000100010000
00001010100001010100000010101000000101010000
00001000100001000100000010001000000100010000
00001111100001111100000011111000000111110000

00000010000

00000010000

00000010000

00000010000

00000010000

00000010000

00000010000

01001110000
00001000000
01111010000001111100000011111000000111110000
00000000100001000100000010001000000100010000
11111110000001010100000010101000000101010000
10000010000001000100000010001000000100010000
10111010000001111100000011111000000111110000
10111010000
10111010000
10000010000
11111110000
