111111101111111
100000101000001
10111010000000010001011101
10111010000000010101011101
101110101111111111111111111110000000001101011101
1000001010001000100010001000101000001
1111111010101010101010101010101010101010101010101010101010101010101010101010101010101010101010101010101010101010101010101010101010101010101010101010101010101010101111111
0000000010001000100010001000100000000
0000001011111111111111111111100000000
0000
000000100000000
0000
000000100000000
0000
000000100000000
0000
000000100000000
0000
000000100000000
0000
000000100000000
0000
000000100000000
0000
000000100000000
0000
000000100000000
0000
000000100000000
0000
0000111111111111111111111111111110000
0000100010001000100010001000100010000
0000101010101010101010101010101010000
0000100010001000100010001000100010000
0000111111111111111111111111111110000
0000
000000100000000
0000
000000100000000
0000
000000100000000
0000
000000100000000
0000
000000100000000
0000
000000100000000
0000
000000100000000
0000
000000100000000
0000
000000100000000
0000
000000100000000
0000
0000111111111111111111111111111110000
0000100010001000100010001000100010000
0000101010101010101010101010101010000
0000100010001000100010001000100010000
0000111111111111111111111111111110000
0000
000000100000000
0000
000000100000000
0000
000000100000000
0000
000000100000000
0000
000000100000000
0000
000000100000000
0000
000000100000000
0000
000000100000000
0000
000000100000000
0000
000000100000000
0000
0000111111111111111111111111111110000
0000100010001000100010001000100010000
0000101010101010101010101010101010000
0000100010001000100010001000100010000
0000111111111111111111111111111110000
0000
000000100000000
0000
000000100000000
0000
000000100000000
0000
000000100000000
0000
000000100000000
0000
000000100000000
0000
000000100000000
0000
000000100000000
0000
000000100000000
0000
000000100000000
0000
0000111111111111111111111111111110000
0000100010001000100010001000100010000
0000101010101010101010101010101010000
0000100010001000100010001000100010000
0000111111111111111111111111111110000
0000
000000100000000
0000
000000100000000
0000
000000100000000
0000
000000100000000
0000
000000100000000
0000
000000100000000
0000
000000100000000
0000
000000100000000
0000
000000100000000
0000
000000100000000
0000
0000111111111111111111111111111110000
0000100010001000100010001000100010000
0000101010101010101010101010101010000
0000100010001000100010001000100010000
0000111111111111111111111111111110000
0000
000000100000000
0000
000000100000000
0000
000000100000000
0000
000000100000000
0000
000000100000000
0000
000000100000000
0000
000000100000000
0000
000000100000000
0000
000000100000000
0000
001100100000000
000010000000000
1101111011111111111111111111111110000
0000000010001000100010001000100010000
1111111010101010101010101010101010000
1000001010001000100010001000100010000
1011101011111111111111111111111110000
101110100000000
101110100000000
100000100000000
111111100000000
