111111110101111111
100000110001000001
101110100001011101
101110111001011101
1011101000000111110000111110001101011101
1000001000000100010000100010010001000001
1111111010101010101010101010101010101010101010101010101010101010101111111
001000100001000100
00000010000001111100001111100
0000000
0000001
0000000
0000001
0000000
0000001
0000000
0000001
0000000
0000001
0000000
0000001
0000000
0000001
0000000
0000111110000111110000111110000111110000
0000100010000100010000100010000100010000
0000101010000101010000101010000101010000
0000100010000100010000100010000100010000
0000111110000111110000111110000111110000
0000000
0000001
0000000
0000001
0000000
0000001
0000000
0000001
0000000
0000001
0000000
0000001
0000000
0000001
0000000
0000111110000111110000111110000111110000
0000100010000100010000100010000100010000
0000101010000101010000101010000101010000
0000100010000100010000100010000100010000
0000111110000111110000111110000111110000
0000000
0000001
0000000
0000001
0000000
0000001
0000000
0000001
0000000
0000001
0000000
0000001
0000000
1101011
0001100
1000101000000111110000111110000111110000
0000000010000100010000100010000100010000
1111111000000101010000101010000101010000
1000001000000100010000100010000100010000
1011101000000111110000111110000111110000
1011101
1011101
1000001
1111111
