111111100001001111111
100000100000101000001
101110100010101011101
101110100011001011101
101110101111101011101
10000010100010000000010001000001
11111110101010101010101010101010101010101010101010101010101111111
000000001000100000000
000000101111100000000
0000000000
0000001000
0000000000
0000001000
0000000000
0000001000
0000000000
0000001000
0000000000
0000001000
0000000000
0000001000
0000000000
0000001000
0000000000
0000001000
0000000000
0000001000
0000000000
0000001000
0000000000
000011111111111110000
000010001000100010000
000010101010101010000
000010001000100010000
000011111111111110000
0000000000
0000001000
0000000000
0000001000
0000000000
0000001000
0000000000
0000001000
0000000000
0000001000
0000000000
0000001000
0000000000
0000001000
0000000000
0000001000
0000000000
0000001000
0000000000
0011011000
1001000000
011010101111111110000
000000001000100010000
111111101010101010000
100000101000100010000
101110101111111110000
1011101000
1011101000
1000001000
1111111000
