111111100000101111111
100000100010101000001
101110100011101011101
101110100011001011101
101110111110000000011111000000001111100000011101011101
100000100010000000010001000000001000100000001001000001
1111111010101010101010101010101010101010101010101010101010101010101010101010101010101010101010101010101111111
0000001000100000000100010000000010001000000
0000001111100000000111110000000011111000000
0000000000
0000001000
0000000000
0000001000
0000000000
0000001000
0000000000
0000001000
0000000000
0000001000
0000000000
0000001000
0000000000
0000001000
0000000000
0000001000
0000000000
0000001000
0000000000
00001111100000000111110000000011111000000001111100000000111110000
00001000100000000100010000000010001000000001000100000000100010000
00001010100000000101010000000010101000000001010100000000101010000
00001000100000000100010000000010001000000001000100000000100010000
00001111100000000111110000000011111000000001111100000000111110000
0000000000
0000001000
0000000000
0000001000
0000000000
0000001000
0000000000
0000001000
0000000000
0000001000
0000000000
0000001000
0000000000
0000001000
0000000000
0000001000
0000000000
0000001000
0000000000
00001111100000000111110000000011111000000001111100000000111110000
00001000100000000100010000000010001000000001000100000000100010000
00001010100000000101010000000010101000000001010100000000101010000
00001000100000000100010000000010001000000001000100000000100010000
00001111100000000111110000000011111000000001111100000000111110000
0000000000
0000001000
0000000000
0000001000
0000000000
0000001000
0000000000
0000001000
0000000000
0000001000
0000000000
0000001000
0000000000
0000001000
0000000000
0000001000
0000000000
0000001000
0000000000
00001111100000000111110000000011111000000001111100000000111110000
00001000100000000100010000000010001000000001000100000000100010000
00001010100000000101010000000010101000000001010100000000101010000
00001000100000000100010000000010001000000001000100000000100010000
00001111100000000111110000000011111000000001111100000000111110000
0000000000
0000001000
0000000000
0000001000
0000000000
0000001000
0000000000
0000001000
0000000000
0000001000
0000000000
0000001000
0000000000
0000001000
0000000000
0000001000
0000000000
0111101000
0011110000
111010111110000000011111000000001111100000000111110000
00000000100000000100010000000010001000000001000100000000100010000
111111101010000000010101000000001010100000000101010000
100000100010000000010001000000001000100000000100010000
101110111110000000011111000000001111100000000111110000
1011101000
1011101000
1000001000
1111111000
