1111111000000011101111111
10000011000001
1011101000000010001011101
1011101000000000101011101
1011101000111110101011101
1000001000100010001000001
111111101010101010101010101010101010101010101010101010101010101111111
00010000000000
0000001000111110000000000
000
00000010000000
000
00000010000000
000
00000010000000
000
00000010000000
000
00000010000000
000
00000010000000
000
00000010000000
000
00000010000000
000
00000010000000
000
00000010000000
000
00000010000000
000
0000111110111110111110000
0000100010100010100010000
0000101010101010101010000
0000100010100010100010000
0000111110111110111110000
000
00000010000000
000
00000010000000
000
00000010000000
000
00000010000000
000
00000010000000
000
00000010000000
000
00000010000000
000
00000010000000
000
00000010000000
000
00000010000000
000
10101110000000
100
1001101000111110111110000
0000000010100010100010000
1111111000101010101010000
1000001000100010100010000
1011101000111110111110000
10111010000000
10111010000000
10000010000000
11111110000000
