111111110001111111
100000100101000001
101110111101011101
101110100001011101
1011101011111111111110000000010001011101
1000001010001000100010000000011001000001
111111101010101010101010101010101010101010101010101010101010101010101010101010101010101010101010101010101010101111111
00000000100010001000100000000
00000010111111111111100000000
0000000
0000001
0000000
0000001
0000000
0000001
0000000
0000001
0000000
0000001
0000000
0000001
0000000
0000001
0000000
0000001
0000000
0000001
0000000
0000001
0000000
00001111111111111111111110000
00001000100010001000100010000
00001010101010101010101010000
00001000100010001000100010000
00001111111111111111111110000
0000000
0000001
0000000
0000001
0000000
0000001
0000000
0000001
0000000
0000001
0000000
0000001
0000000
0000001
0000000
0000001
0000000
0000001
0000000
0000001
0000000
00001111111111111111111110000
00001000100010001000100010000
00001010101010101010101010000
00001000100010001000100010000
00001111111111111111111110000
0000000
0000001
0000000
0000001
0000000
0000001
0000000
0000001
0000000
0000001
0000000
0000001
0000000
0000001
0000000
0000001
0000000
0000001
0000000
0000001
0000000
00001111111111111111111110000
00001000100010001000100010000
00001010101010101010101010000
00001000100010001000100010000
00001111111111111111111110000
0000000
0000001
0000000
0000001
0000000
0000001
0000000
0000001
0000000
0000001
0000000
0000001
0000000
0000001
0000000
0000001
0000000
0000001
0000000
1010111
0010010
01100010111111111111111110000
00000000100010001000100010000
11111110101010101010101010000
10000010100010001000100010000
10111010111111111111111110000
1011101
1011101
1000001
1111111
