11111110000000001101111111
10000010000000010001000001
10111010000000001001011101
101110101011101
1011101000111110111110111111001011101
1000001000100010100010100011001000001
11111110101010101010101010101010101010101010101010101010101010101010101010101010101010101010101010101010101010101010101111111
00010100010100010000000000
0000001000111110111110111110000000000
0000
000000100000000
0000
000000100000000
0000
000000100000000
0000
000000100000000
0000
000000100000000
0000
000000100000000
0000
000000100000000
0000
000000100000000
0000
000000100000000
0000
000000100000000
0000
000000100000000
0000
0000111110111110111110111110111110000
0000100010100010100010100010100010000
0000101010101010101010101010101010000
0000100010100010100010100010100010000
0000111110111110111110111110111110000
0000
000000100000000
0000
000000100000000
0000
000000100000000
0000
000000100000000
0000
000000100000000
0000
000000100000000
0000
000000100000000
0000
000000100000000
0000
000000100000000
0000
000000100000000
0000
000000100000000
0000
0000111110111110111110111110111110000
0000100010100010100010100010100010000
0000101010101010101010101010101010000
0000100010100010100010100010100010000
0000111110111110111110111110111110000
0000
000000100000000
0000
000000100000000
0000
000000100000000
0000
000000100000000
0000
000000100000000
0000
000000100000000
0000
000000100000000
0000
000000100000000
0000
000000100000000
0000
000000100000000
0000
000000100000000
0000
0000111110111110111110111110111110000
0000100010100010100010100010100010000
0000101010101010101010101010101010000
0000100010100010100010100010100010000
0000111110111110111110111110111110000
0000
000000100000000
0000
000000100000000
0000
000000100000000
0000
000000100000000
0000
000000100000000
0000
000000100000000
0000
000000100000000
0000
000000100000000
0000
000000100000000
0000
000000100000000
0000
010011100000000
101011000000000
1000001000111110111110111110111110000
0000000010100010100010100010100010000
1111111000101010101010101010101010000
1000001000100010100010100010100010000
1011101000111110111110111110111110000
101110100000000
101110100000000
100000100000000
111111100000000
