111111100001001111111
100000100011101000001
101110100001001011101
101110100000101011101
1011101000111110111110111110111111001011101
1000001000100010100010100010100010101000001
111111101010101010101010101010101010101010101010101010101010101010101010101010101010101010101010101010101010101010101010101010101010101010101010101111111
00010100010100010100010000000000
0000001000111110111110111110111110000000000
0000000000
0000001000
0000000000
0000001000
0000000000
0000001000
0000000000
0000001000
0000000000
0000001000
0000000000
0000001000
0000000000
0000001000
0000000000
0000001000
0000000000
0000001000
0000000000
0000001000
0000000000
0000001000
0000000000
0000111110111110111110111110111110111110000
0000100010100010100010100010100010100010000
0000101010101010101010101010101010101010000
0000100010100010100010100010100010100010000
0000111110111110111110111110111110111110000
0000000000
0000001000
0000000000
0000001000
0000000000
0000001000
0000000000
0000001000
0000000000
0000001000
0000000000
0000001000
0000000000
0000001000
0000000000
0000001000
0000000000
0000001000
0000000000
0000001000
0000000000
0000001000
0000000000
0000111110111110111110111110111110111110000
0000100010100010100010100010100010100010000
0000101010101010101010101010101010101010000
0000100010100010100010100010100010100010000
0000111110111110111110111110111110111110000
0000000000
0000001000
0000000000
0000001000
0000000000
0000001000
0000000000
0000001000
0000000000
0000001000
0000000000
0000001000
0000000000
0000001000
0000000000
0000001000
0000000000
0000001000
0000000000
0000001000
0000000000
0000001000
0000000000
0000111110111110111110111110111110111110000
0000100010100010100010100010100010100010000
0000101010101010101010101010101010101010000
0000100010100010100010100010100010100010000
0000111110111110111110111110111110111110000
0000000000
0000001000
0000000000
0000001000
0000000000
0000001000
0000000000
0000001000
0000000000
0000001000
0000000000
0000001000
0000000000
0000001000
0000000000
0000001000
0000000000
0000001000
0000000000
0000001000
0000000000
0000001000
0000000000
0000111110111110111110111110111110111110000
0000100010100010100010100010100010100010000
0000101010101010101010101010101010101010000
0000100010100010100010100010100010100010000
0000111110111110111110111110111110111110000
0000000000
0000001000
0000000000
0000001000
0000000000
0000001000
0000000000
0000001000
0000000000
0000001000
0000000000
0000001000
0000000000
0000001000
0000000000
0000001000
0000000000
0000001000
0000000000
0000001000
0000000000
0100001000
1110100000
0101011000111110111110111110111110111110000
0000000010100010100010100010100010100010000
1111111000101010101010101010101010101010000
1000001000100010100010100010100010100010000
1011101000111110111110111110111110111110000
1011101000
1011101000
1000001000
1111111000
