111111100000011001111111
100000100000001001000001
101110100000011001011101
101110100000001001011101
10111010000000011111000001001011101
10000010000000010001000010001000001
111111101010101010101010101010101010101010101010101111111
0000100010000
000000100000000111110000
00
0000001000000
00
0000001000000
00
0000001000000
00
0000001000000
00
0000001000000
00
0000001000000
00
0000001000000
00
0000001000000
00
00001111100000011111000000111110000
00001000100000010001000000100010000
00001010100000010101000000101010000
00001000100000010001000000100010000
00001111100000011111000000111110000
00
0000001000000
00
0000001000000
00
0000001000000
00
0000001000000
00
0000001000000
00
0000001000000
00
0000001000000
00
1010011000000
1111100000000
00000010000000011111000000111110000
00000000100000010001000000100010000
11111110000000010101000000101010000
10000010000000010001000000100010000
10111010000000011111000000111110000
1011101000000
1011101000000
1000001000000
1111111000000
