11111110000011101111111
10000010000001001000001
10111010000000001011101
10111010000010101011101
1011101111111110000000001001011101
1000001000100010000000001001000001
11111110101010101010101010101010101010101010101010101010101010101010101010101010101111111
00000010001000100000000
00000011111111100000000
0
000000100000
0
000000100000
0
000000100000
0
000000100000
0
000000100000
0
000000100000
0
000000100000
0
000000100000
0
000000100000
0
0000111110000000011111111111110000
0000100010000000010001000100010000
0000101010000000010101010101010000
0000100010000000010001000100010000
0000111110000000011111111111110000
0
000000100000
0
000000100000
0
000000100000
0
000000100000
0
000000100000
0
000000100000
0
000000100000
0
000000100000
0
000000100000
0
000000100000
0
0000111110000000011111111111110000
0000100010000000010001000100010000
0000101010000000010101010101010000
0000100010000000010001000100010000
0000111110000000011111111111110000
0
000000100000
0
000000100000
0
000000100000
0
000000100000
0
000000100000
0
000000100000
0
000000100000
0
000000100000
0
000000100000
0
100100100000
110011000000
10010011111111111110000
0000000010000000010001000100010000
11111110101010101010000
10000010001000100010000
10111011111111111110000
101110100000
101110100000
100000100000
111111100000
