1111111000011001111111
1000001000010101000001
1011101000001101011101
1011101000011101011101
101110111110111110111111001011101
100000100010100010100011001000001
1111111010101010101010101010101010101010101010101010101010101010101010101010101010101010101010101010101010101010101111111
000000100010100010100010000000000
000000111110111110111110000000000

00000010000

00000010000

00000010000

00000010000

00000010000

00000010000

00000010000

00000010000

00000010000

00001111100000000111110111110111110111110000
00001000100000000100010100010100010100010000
00001010100000000101010101010101010101010000
00001000100000000100010100010100010100010000
00001111100000000111110111110111110111110000

00000010000

00000010000

00000010000

00000010000

00000010000

00000010000

00000010000

00000010000

00000010000

00000010000

00000010000

00001111100000000111110111110111110111110000
00001000100000000100010100010100010100010000
00001010100000000101010101010101010101010000
00001000100000000100010100010100010100010000
00001111100000000111110111110111110111110000

00000010000

00000010000

00000010000

00000010000

00000010000

00000010000

00000010000

00000010000

00000010000

00000010000

00000010000

00001111100000000111110111110111110111110000
00001000100000000100010100010100010100010000
00001010100000000101010101010101010101010000
00001000100000000100010100010100010100010000
00001111100000000111110111110111110111110000

00000010000

00000010000

00000010000

00000010000

00000010000

00000010000

00000010000

00000010000

00000010000

00000010000

11010110000
10111100000
011100111110111110111110111110000
00000000100000000100010100010100010100010000
111111101010101010101010101010000
100000100010100010100010100010000
101110111110111110111110111110000
10111010000
10111010000
10000010000
11111110000
