11111110000000101111111
10000010000001001000001
10111010000001001011101
10111010000001101011101
1011101001111100000000011101011101
10000010010001001000001
111111101010101010101010101010101010101111111
00000000010001000000000
00000010011111000000000
0
000000100000
0
000000100000
0
000000100000
0
000000100000
0
000000100000
0
00001111111111111110000
00001000110001100010000
00001010110101101010000
00001000110001100010000
00001111111111111110000
0
000000100000
0
000000100000
0
000000100000
0
000000100000
0
000010100000
011110000000
10011010011111111110000
00000000110001100010000
11111110010101101010000
10000010010001100010000
10111010011111111110000
101110100000
101110100000
100000100000
111111100000
