11111110001111111
10000010001000001
10111011001011101
10111010101011101
1011101000000111110000000011111000000001111100000001101011101
1000001000000100010000000010001000000001000100000001001000001
111111101010101010101010101010101010101010101010101010101010101010101010101010101010101010101010101111111
001000100000000100010000000010001000000
00000010000001111100000000111110000000011111000000
000000
00000010000000000
000000
00000010000000000
000000
00000010000000000
000000
00000010000000000
000000
00000010000000000
000000
00000010000000000
000000
00000010000000000
000000
0000111110000111110000000011111000000001111100000000111110000
0000100010000100010000000010001000000001000100000000100010000
0000101010000101010000000010101000000001010100000000101010000
0000100010000100010000000010001000000001000100000000100010000
0000111110000111110000000011111000000001111100000000111110000
000000
00000010000000000
000000
00000010000000000
000000
00000010000000000
000000
00000010000000000
000000
00000010000000000
000000
00000010000000000
000000
00000010000000000
000000
00000010000000000
000000
00000010000000000
000000
0000111110000111110000000011111000000001111100000000111110000
0000100010000100010000000010001000000001000100000000100010000
0000101010000101010000000010101000000001010100000000101010000
0000100010000100010000000010001000000001000100000000100010000
0000111110000111110000000011111000000001111100000000111110000
000000
00000010000000000
000000
00000010000000000
000000
00000010000000000
000000
00000010000000000
000000
00000010000000000
000000
00000010000000000
000000
00000010000000000
000000
00000010000000000
000000
00000010000000000
000000
0000111110000111110000000011111000000001111100000000111110000
0000100010000100010000000010001000000001000100000000100010000
0000101010000101010000000010101000000001010100000000101010000
0000100010000100010000000010001000000001000100000000100010000
0000111110000111110000000011111000000001111100000000111110000
000000
00000010000000000
000000
00000010000000000
000000
00000010000000000
000000
00000010000000000
000000
00000010000000000
000000
00000010000000000
000000
00000010000000000
000000
00000010000000000
000000
11100010000000000
001011
0001101000000111110000000011111000000001111100000000111110000
0000000010000100010000000010001000000001000100000000100010000
1111111000000101010000000010101000000001010100000000101010000
1000001000000100010000000010001000000001000100000000100010000
1011101000000111110000000011111000000001111100000000111110000
10111010000000000
10111010000000000
10000010000000000
11111110000000000
