11111110010001111111
10000010011001000001
10111010001001011101
10111010010101011101
1011101000000111110010001011101
1000001000000100010010001000001
11111110101010101010101010101010101010101010101111111
001000100
00000010000001111100
000000000
000000100
000000000
000000100
000000000
000000100
000000000
000000100
000000000
000000100
000000000
000000100
000000000
000000100
000000000
0000111110000111110000111110000
0000100010000100010000100010000
0000101010000101010000101010000
0000100010000100010000100010000
0000111110000111110000111110000
000000000
000000100
000000000
000000100
000000000
000000100
000000000
000000100
000000000
000000100
000000000
000000100
000000000
110111100
011000000
0001001000000111110000111110000
0000000010000100010000100010000
1111111000000101010000101010000
1000001000000100010000100010000
1011101000000111110000111110000
101110100
101110100
100000100
111111100
