11111111101111111
10000011101000001
10111011101011101
10111010101011101
1011101111100000011001011101
1000001000100000010001000001
1111111010101010101010101010101010101010101010101010101111111
00000010001000000
00000011111000000
000000
00000010000000000
000000
00000010000000000
000000
00000010000000000
000000
00000010000000000
000000
00000010000000000
000000
00000010000000000
000000
00000010000000000
000000
00000010000000000
000000
00000010000000000
000000
000011111000000001111100000000111110000
000010001000000001000100000000100010000
000010101000000001010100000000101010000
000010001000000001000100000000100010000
000011111000000001111100000000111110000
000000
00000010000000000
000000
00000010000000000
000000
00000010000000000
000000
00000010000000000
000000
00000010000000000
000000
00000010000000000
000000
00000010000000000
000000
00000010000000000
000000
00111110000000000
111010
1111001111100000000111110000
000000001000000001000100000000100010000
1111111010100000000101010000
1000001000100000000100010000
1011101111100000000111110000
10111010000000000
10111010000000000
10000010000000000
11111110000000000
